1355759447
1355759447
1355759448
1355759878
1355759906
1355759930
1355759941
1355759972
1355760045
1355760048
1355760048
1355760049
1355760050
1355760051
1355760056
1355760057
1355760063
1355760066
1355760068
1355760068
1355760069
1355760069
1355760070
1355760071
1355760071
1355760072
1355760073
1355760074
1355760075
1355760076
1355760077
1355760079
1355760145
1355760151
1355760156
1355760159
1355760162
1355760165
1355760391
1355760491
1355760516
1355766816
1355766900
1355766912
1355766917
1355766921
1355766935
1355767249
1355767252
1355767255
1355767266
1355767425
1355767435
1355767437
1355767501
1355767525
1355767764
1355767778
1355767782
1355767794
1355767807
1355767811
1355767818
1355767824
1355768001
1355768009
1355768045
1355768131
1355768142
1355768151
1355768167
1355768176
1355768189
1355768231
1355768240
1355768302
1355768311
1355768324
1355768331
1355768338
1355768363
1355772942
1355772952
1355772957
1355772990
1355773016
1355773024
1355773028
1355773040
1355773049
1355773062
1355774398
1355774434
1355774555
1355775243
1355775251
1355775730
1355775738
1355775748
1355775761
1355775810
1355775814
1355775820
1355775826
1355775833
1355775838
1355775869
1355775876
1355775882
1355775900
1355775912
1355776317
1355776349
1355776439
1355776835
1355776845
1355776848
1355776863
1355776927
1355777428
1355777448
1355777472
1355777477
1355777481
1355777485
1355777487
1355777491
1355777585
1355777587
1355777595
1355777607
1355777625
1355777635
1355777645
1355777653
1355777682
1355777685
1355777687
1355777691
1355840654
